1  1    178  246  295  228  274
1  2    254  260  278  245  340
1  3    185  232  215  220  292
1  4    219  268  241  260  320
1  5    205  232  265  242  230
1  6    182  213  173  200  193
1  7    310  334  290  286  248
1  8    191  204  227  228  196
1  9    245  270  209  255  213
1  10  229  200  238  259  221
1  11  245  293  261  297  231
1  12  240  313  251  307  291
1  13  234  281  277  235  210
1  14  210  252  275  235  237
1  15  275  231  285  238  251
1  16  269  332  300  320  335
1  17  148  180  184  231  184
1  18  181  194  212  217  205
1  19  165  242  250  249  312
1  20  293  276  276  278  306
1  21  195  190  205  217  238
1  22  210  230  249  240  194
1  23  212  224  246  271  256
1  24  243  271  304  273  318
1  25  259  279  296  262  283
1  26  202  214  192  239  172
1  27  184  192  205  253  217
1  28  238  272  297  282  251
1  29  263  283  248  334  271
1  30  144  226  261  227  283
1  31  220  272  222  246  253
1  32  225  260  253  202  265
1  33  224  273  242  274    .  
1  34  307  252  316  258  283
1  35  313  300  313  317  397
1  36  231  252  267  299    . 
